-23.62223 -25.25716 -34.46685
-31.54796 -24.60450 -63.65657
-24.80009 -31.17412 -42.93419
-32.36391 -24.32737 -32.49509
-21.66591 -22.01481 -37.93773
-21.85339 -41.34011 -51.77549
-21.83093 -21.96327 -24.18580
-21.62998 -39.13836 -55.20445
-19.97436 -20.12708 -22.26764
-20.01890 -25.97150 -54.82184
-23.07082 -20.26891 -20.41631
-23.00003 -19.53509 -19.53325
-18.31842 -18.52547 -32.34066
-18.54855 -18.41438 -64.18773
-18.86424 -18.44494 -50.00563
-18.27188 -18.28503 -22.30542
-16.88565 -22.79431 -65.88452
-16.71818 -21.88755 -46.54046
-17.96477 -16.95548 -18.04468
-16.50285 -16.43900 -15.25472
-14.80065 -15.17550 -15.12815
-15.28620 -15.64853 -31.67951
-17.52734 -15.00535 -21.09156
-14.82106 -14.45510 -14.23178
-13.55866 -13.35319 -40.73169
-13.34982 -15.95481 -66.16575
-13.39369 -13.28298 -14.87013
-13.36501 -20.47226 -35.93038
-32.21951 -11.65592 -11.95461
-11.71425 -12.41664 -15.93212
-11.34534 -10.66053 -11.03989
-11.85005 -11.48957 -30.73030
-9.99738 -32.28703 -59.17335
-10.91148 -9.59009 -35.88415
-8.23369 -8.14180 -16.79412
-12.12779 -10.00186 -35.79060
-6.32196 -6.34210 -48.02366
-6.78947 -6.78045 -12.18612
-1.00000 -2.09600 -2.40107
-7.88157 -8.35929 -31.71704
-1.80557 -1.50400 -1.44000
0.00000 0.00000 -21.84838
-0.80000 -2.06720 -22.46871
-5.57439 -6.63038 -29.51256
-1.08000 -0.60000 -0.60000
-1.08000 -1.08000 -0.88000
0.00000 0.00000 0.00000
-2.17148 -1.99814 -18.14149
0.00000 0.00000 0.00000
-1.26656 -1.00800 -0.40000
-1.42963 -1.32390 57.07267
-1.30496 -10.30843 -0.97600
0.00000 0.00000 0.00000
0.00000 0.00000 0.00000
0.00000 0.00000 0.00000
0.00000 0.00000 0.00000
-16.62328 -16.55835 -16.96868
-21.68543 -28.68741 -16.72253
-16.69583 -20.63676 -51.83743
-16.66457 -17.16521 -17.05711
-13.23201 -13.24215 -27.28483
-21.11191 -13.40561 -25.87464
-13.35100 -15.89555 -16.73845
-13.32849 -13.51953 -53.62300
-9.21439 -24.52672 -9.08751
-7.76766 -8.24725 -9.04622
-8.05491 -7.66751 -34.60778
-9.89139 -9.60865 -35.36340
-20.04175 -27.33418 -49.15144
-20.14972 -20.18490 -30.33710
-21.65727 -29.68994 -25.82684
-20.02199 -24.70453 -63.07372
-12.03956 -11.68045 -31.57774
-25.09334 -15.83072 -44.68393
-11.80847 -29.35498 -56.94779
-11.67297 -31.23250 -34.26036
-9.31673 -24.91702 -59.43375
-8.87888 -15.48558 -15.77443
-21.62115 -8.34223 -44.91477
-8.35125 -31.01329 -12.84849
-6.26210 -7.49632 -51.16996
-3.97959 -4.86713 -43.27905
-4.99996 -31.10732 -17.08188
-6.70860 -6.58620 -49.70814
-1.08000 -21.86277 -0.92000
0.00000 0.00000 0.00000
-1.55040 -1.12800 -18.12414
-3.24049 -3.35787 -48.28163
-1.24941 -1.06176 -17.74962
-1.43837 -0.72000 0.00000
0.00000 0.00000 0.00000
-0.72000 -0.40000 -0.40000
0.00000 0.00000 0.00000
0.00000 0.00000 0.00000
0.00000 0.00000 0.00000
0.00000 0.00000 0.00000
