-23.11161 -23.17063 -21.29557
-23.05079 -23.27552 -108.95788
-23.24593 -23.22171 -108.91268
-23.09777 -23.19433 -108.81129
-21.04908 -21.47031 -19.99764
-21.13301 -21.46790 -105.44619
-21.33462 -21.17053 -23.63957
-21.26427 -20.98704 -19.83175
-19.99711 -19.99448 -31.08329
-19.99060 -19.98832 -107.12862
-19.98549 -19.99446 -28.74370
-19.99582 -19.99535 -76.22272
-17.67218 -18.02970 -16.49079
-18.05408 -18.21617 -93.46929
-17.96860 -18.08085 -39.85438
-17.87217 -17.70654 -16.68239
-15.94379 -16.58822 -103.72033
-16.45073 -16.55804 -108.48148
-16.21700 -16.28968 -31.70531
-16.18529 -16.34217 -14.71218
-14.52311 -14.63208 -13.02903
-14.52836 -14.79182 -15.47507
-14.63747 -14.42930 -16.64671
-14.44086 -14.23969 -13.27017
-12.53679 -13.17646 -103.31296
-13.10626 -13.14498 -105.85589
-12.74369 -12.80394 -28.48786
-12.70871 -12.86724 -10.95180
-11.09073 -11.24360 -9.61191
-11.28815 -11.44453 -13.22884
-11.30421 -10.95103 -13.28023
-11.17335 -10.87910 -9.79492
-8.95054 -9.82959 -88.79110
-9.57536 -9.74323 -108.49921
-9.05472 -9.19954 -11.37931
-9.36541 -9.44854 -7.05986
-7.15644 -7.47668 -87.07832
-7.32020 -7.34568 -29.23068
-7.16343 -6.99654 -7.48465
-7.19342 -6.93945 -5.23363
-4.44058 -4.05818 -80.60839
-3.00452 -3.01614 -37.19307
-2.40227 -1.71884 -72.83528
-3.62044 -5.02249 -3.48173
-1.61875 -1.08000 -63.96979
-0.68640 -1.08000 -3.17506
-2.04000 -2.38092 -0.35845
-2.85768 -2.19706 -90.55979
-1.42784 -1.38150 -22.88727
0.00000 -0.40000 -52.88880
-0.36665 -0.78221 0.51932
-1.19353 -1.08429 -20.19360
36.87032 0.33025 -2.11738
7.78897 -0.09224 -63.97274
18.57259 0.28873 3.08341
-0.20000 11.48240 214.02240
-16.65786 -16.65931 -26.52489
-16.64649 -16.65951 -19.44283
-16.66107 -16.66019 -90.95435
-16.66291 -16.66282 -107.55974
-13.29419 -13.22319 -31.45998
-13.29803 -13.30342 -14.79228
-13.29076 -13.26430 -105.33808
-13.23619 -13.10354 -108.46173
-9.58179 -9.46619 -16.45037
-9.10503 -9.04428 -11.04866
-9.43816 -9.53675 -102.90508
-9.66309 -9.61210 -108.42356
-19.63977 -19.75403 -106.77741
-19.56658 -19.71735 -36.49598
-19.59964 -19.05690 -108.18277
-19.54272 -19.79439 -32.10748
-11.63544 -11.63870 -87.50375
-11.62035 -11.61291 -30.01803
-11.62043 -11.61870 -80.64937
-11.62409 -11.64862 -11.24378
-8.29030 -8.28693 -95.80344
-8.26321 -8.27788 -12.59457
-8.26853 -8.26421 -95.88758
-8.29870 -8.29342 -8.65296
-6.53090 -6.62343 -108.00060
-6.64339 -6.54886 -8.66343
-6.55219 -6.42079 -106.94185
-6.53876 -6.51571 -13.24041
-4.64821 -3.74268 3.75403
-4.47596 -4.78917 -13.04408
-4.67274 -4.48918 -92.09059
-4.75110 -2.72710 -108.40596
-0.76083 1.60318 27.01787
2.64817 -1.91026 -71.23077
-0.75633 -0.98909 -4.55521
1.43502 3.90269 -89.14534
105.37408 15.65837 12.03341
22.06314 7.20089 -58.02619
36.76923 55.32005 -2.05466
42.88981 52.50318 285.48753
