-24.24110 -23.81109 -25.78054
-27.08667 -38.82780 -58.43895
-34.42037 -41.78828 -64.56535
-24.35947 -25.82440 -54.34776
-21.88419 -29.31913 -21.41785
-26.09718 -29.63493 -57.76791
-21.66725 -21.91506 -35.02870
-22.03279 -21.36084 -20.72221
-20.37188 -32.81305 -36.60612
-20.42110 -29.23014 -59.79956
-20.54436 -20.64892 -37.54290
-20.96647 -27.53970 -51.28344
-18.29496 -18.30303 -18.25453
-18.44018 -18.70962 -49.14427
-19.12458 -18.53920 -20.52848
-18.25556 -17.99982 -18.68890
-20.33854 -18.90526 -68.98878
-17.56717 -27.11086 -70.06929
-16.96340 -17.16145 -24.78298
-17.02143 -16.99454 -22.16107
-14.54649 -14.70741 -14.03519
-14.95426 -15.26052 -16.13544
-15.20624 -14.90705 -15.89663
-14.66856 -14.75346 -14.18711
-20.82112 -13.44326 -73.59962
-13.34621 -14.48894 -82.08260
-15.86909 -13.19241 -23.86173
-13.08635 -13.50517 -12.32940
-11.34818 -11.49388 -10.97193
-11.57082 -11.63416 -12.61774
-11.54735 -11.48059 -12.47345
-11.30326 -11.19711 -10.75485
-11.73233 -18.21008 -103.78560
-26.66302 -20.02089 -48.06084
-10.82869 -10.35102 -13.36108
-9.86732 -10.19780 -10.75796
-10.93443 -21.57819 -72.53495
-8.50552 -8.55067 -30.12096
-8.27227 -8.56797 -8.70891
-8.62248 -8.72641 -12.92274
-6.23208 -5.95720 -58.34436
-6.71315 -6.82821 -21.10333
-10.42369 -26.56332 -13.06249
-6.91250 -7.26466 -31.83884
-5.86883 -15.22742 -42.13793
-18.24191 -5.22117 -10.55076
-4.56719 -4.65488 -4.35150
-12.13778 -5.33403 -65.17560
-2.89419 -2.80925 -5.29501
-2.83855 -2.59579 -43.22137
-2.97034 -2.98787 -55.76227
-2.97104 -20.93227 -85.42890
28.27249 3.54075 -20.31275
4.00812 -7.32743 -50.79374
15.75663 10.22208 11.30380
37.14246 34.30447 173.06681
-16.76715 -16.53502 -16.20452
-16.84634 -17.42698 -18.23037
-17.41018 -19.27208 -70.03643
-25.54183 -24.01446 -68.30285
-12.96147 -13.98286 -12.66477
-13.43649 -17.53379 -19.89858
-23.82722 -14.90360 -39.94698
-22.32620 -13.38900 -67.24320
-9.68714 -9.59758 -10.05229
-9.95512 -10.82781 -21.86592
-9.97204 -15.94037 -56.41689
-9.94461 -14.40215 -64.39352
-28.11367 -30.85788 -64.10359
-26.66995 -25.37071 -26.28677
-26.45766 -30.02781 -54.94804
-21.81289 -22.39114 -32.80533
-12.53332 -14.36043 -74.30278
-13.28744 -14.02011 -28.81139
-16.91381 -16.10023 -51.45558
-12.04029 -12.43823 -9.89606
-15.54361 -16.67992 -37.14584
-8.39589 -10.06661 -10.34416
-8.38890 -32.48546 -53.45402
-9.32741 -18.36126 -19.40182
-6.62550 -7.90728 -48.61213
-7.06363 -6.97446 -26.41625
-14.45522 -9.05398 -32.83139
-6.64198 -6.29702 -21.93256
-4.62696 -20.17250 -3.37998
-4.99614 -14.14342 -13.29727
-8.58486 -15.75433 -19.60028
-4.78434 -14.93437 -58.36190
-3.13952 -3.75608 -11.02192
-2.89104 -10.24704 -46.61882
-3.22402 -3.34552 -6.58190
-8.34235 -3.73262 -47.04946
28.34743 -1.27078 7.04697
70.38376 -4.12066 -72.29219
5.02108 30.64100 -30.98270
50.41197 29.49779 199.42847
