-16.47055 -16.47376 -16.76880
-16.47133 -30.23060 -39.13352
-16.49690 -16.47058 -69.62470
-16.54784 -16.47040 -15.99946
-15.29416 -15.29412 -20.65906
-15.29413 -32.72941 -25.93939
-15.29424 -15.32570 -36.60178
-15.78865 -15.29412 -22.77080
-34.78448 -14.11764 -31.81655
-14.11764 -14.61558 -41.35336
-14.33185 -14.12044 -26.55963
-14.11764 -14.30564 -30.71417
-12.94022 -12.93996 -29.34879
-12.94216 -14.86309 -32.35128
-13.20125 -13.18952 -20.39709
-13.00970 -12.83545 -30.44942
-11.76510 -25.98411 -51.59105
-13.73886 -11.77383 -33.92234
-11.76437 -12.91624 -13.26781
-11.69155 -11.86785 -11.15292
-10.96625 -12.20226 -28.36710
-10.60707 -11.55172 -12.26166
-10.80672 -11.40232 -13.24896
-11.16255 -11.53315 -10.30602
-9.39693 -9.84025 -36.06212
-11.05241 -9.47191 -60.86761
-9.63976 -10.01914 -33.31200
-10.49136 -9.69937 -8.70171
-10.06688 -10.17984 -8.19341
-10.71771 -9.31932 -11.73454
-9.85488 -8.83697 -11.01959
-10.11134 -10.40011 -7.69902
-7.22928 -8.54102 -95.39980
-7.26158 -8.24824 -108.49921
-7.83720 -8.47825 -11.37931
-7.65503 -8.57900 -6.73576
-6.37936 -7.47668 -94.53188
-7.32020 -7.34568 -29.23068
-7.16343 -6.99654 -7.48465
-6.91174 -6.70424 -5.09154
-24.42383 -19.85838 -53.27117
-3.57023 -3.01614 -37.19307
-3.18113 -2.99793 -72.83528
-3.97719 -4.85210 -3.93098
-2.74726 -2.72860 -42.11958
-2.86170 -3.13822 -3.21689
-2.63135 -2.53301 -1.42678
-2.91854 -2.74450 -94.82145
-1.42784 -1.38150 -22.88727
0.00000 -0.40000 -52.88880
-0.36665 -0.78221 0.51932
-1.19353 -1.08429 -20.19360
29.52993 1.17031 -2.11738
65.76823 -0.09224 -51.14452
18.57259 0.28873 3.08341
-0.20000 11.48240 214.02240
-11.98662 -11.92612 -10.97489
-11.78074 -12.09675 -12.69052
-11.64656 -21.06128 -71.93412
-19.28061 -12.77310 -18.32929
-9.49938 -9.41999 -9.92398
-9.46752 -9.69138 -10.26063
-21.58769 -28.00452 -35.64610
-9.41213 -9.55588 -35.11177
-7.76446 -7.18721 -10.47520
-8.40541 -7.16090 -8.80355
-7.16638 -8.26854 -83.74423
-8.42250 -7.17577 -52.52676
-14.49104 -14.12102 -15.37895
-14.13688 -14.35292 -14.31349
-14.15630 -14.11764 -37.21613
-14.11765 -14.76952 -46.28916
-8.23794 -8.40341 -29.57846
-8.41973 -20.41683 -34.71529
-8.30260 -13.88086 -28.32606
-8.23726 -9.18104 -35.46265
-5.88780 -27.72717 -76.55758
-5.97155 -6.45123 -6.04083
-5.88352 -9.46980 -63.63093
-6.05329 -5.88346 -7.54028
-4.90855 -5.40026 -73.28922
-5.20948 -6.41567 -7.90194
-13.72703 -40.20870 -86.98425
-5.26944 -5.12876 -6.29821
-3.91251 -3.74268 1.07389
-3.56884 -4.78917 -13.04408
-4.15341 -3.69784 -92.09059
-4.48806 -3.05227 -66.10986
-0.76083 1.60318 21.69218
2.64817 -1.91026 -71.23077
-1.02775 -0.98909 -4.37884
0.86510 3.90269 -71.73896
74.39228 20.89132 10.53284
22.06314 7.20089 -58.02619
36.76923 55.32005 -2.05466
38.89574 52.50318 127.28740
