-20.16050 -20.06288 -18.85103
-20.47531 -35.23868 -61.37995
-20.42709 -20.76623 -46.06462
-22.11888 -19.93561 -20.72755
-18.27481 -19.21055 -17.82613
-36.55234 -28.69380 -32.21262
-35.97856 -18.87703 -22.30269
-18.27621 -18.33897 -17.62736
-31.28267 -19.29969 -20.69807
-27.52671 -23.02355 -51.96370
-19.36642 -31.40853 -18.70145
-17.38640 -17.13099 -21.84220
-16.10910 -15.80078 -16.11789
-17.29911 -41.71634 -37.22735
-15.88738 -16.27004 -16.43528
-15.55846 -15.64533 -15.56495
-22.69556 -26.66174 -61.82117
-18.89321 -34.81409 -35.86738
-14.79134 -14.80468 -16.01278
-14.69118 -14.79215 -14.17102
-12.89133 -12.71318 -11.80257
-12.74417 -13.34731 -14.91928
-13.66726 -12.87001 -13.96013
-12.83112 -12.68324 -12.06047
-30.28751 -13.07028 -50.45472
-20.02519 -30.30651 -67.55832
-26.49791 -11.57550 -22.10136
-11.67540 -11.45632 -23.20572
-9.77484 -10.02042 -9.15837
-10.03975 -10.54240 -10.98831
-10.72702 -10.22186 -12.01133
-10.22670 -9.90639 -10.42296
-28.07422 -8.93687 -35.79447
-16.95913 -8.93718 -87.63460
-9.10021 -8.95522 -9.97873
-15.00378 -8.58320 -10.27297
-7.11668 -7.32938 -32.98167
-7.21529 -7.17872 -18.45644
-7.09839 -7.37848 -7.48465
-7.05157 -26.64916 -6.29617
-4.53274 -24.71377 -89.67900
-3.30675 -3.65814 -37.19307
-2.40227 -2.38398 -79.38713
-3.90526 -5.10587 -3.84630
-1.93618 -1.91477 -72.32949
-1.61704 -1.08000 -3.58169
-2.34286 -2.38092 -2.14291
-3.01797 -2.78166 -79.43055
-1.62794 -22.40010 -15.74905
-0.40000 -0.72000 -42.79671
-0.36665 -0.78221 0.51932
-1.43771 -1.33249 -20.19360
36.87032 0.33025 -2.19158
7.78897 -0.09224 -63.97274
18.57259 0.28873 3.08341
-0.20000 11.48240 214.02240
-14.53297 -14.15072 -14.46978
-14.41306 -14.52499 -15.78622
-21.43967 -14.44999 -27.03324
-24.34664 -15.29679 -48.59306
-11.64579 -23.54865 -14.85036
-11.45900 -11.49617 -12.07981
-11.72797 -11.53000 -36.77601
-16.72388 -11.52545 -46.13313
-9.06259 -8.56887 -14.90295
-9.10503 -8.88800 -10.84215
-9.43816 -8.96844 -68.99746
-9.48447 -9.05065 -61.99400
-17.36867 -21.75981 -29.17460
-17.24568 -17.76160 -17.47007
-17.09209 -16.96354 -31.88306
-16.56933 -17.01178 -19.72374
-9.88479 -12.17022 -32.96526
-12.49007 -10.65573 -11.76225
-12.50988 -18.55726 -75.85516
-9.83925 -9.18518 -9.36101
-7.19284 -13.63679 -57.82631
-8.04587 -7.74295 -27.18722
-10.80002 -25.41684 -23.94745
-7.59324 -8.57191 -7.70805
-7.40675 -16.07556 -63.66168
-5.83099 -6.31804 -11.77533
-6.05918 -5.77216 -22.70731
-5.99776 -5.80282 -5.22902
-3.61540 -7.50880 -17.84454
-4.23571 -4.31888 -5.97132
-4.36996 -24.61799 -60.46003
-4.25348 -4.23836 -62.05801
0.23506 0.79438 -7.32095
1.77236 -0.73121 -58.04372
-1.00619 -1.25062 -4.55521
1.43502 2.82441 -92.49124
52.05010 18.04636 10.19948
13.12781 8.83622 -58.02619
32.53459 44.55691 -2.05466
39.43568 56.35588 215.45109
