-24.55609 -23.38778 -22.00859
-26.99602 -24.12250 -61.70977
-26.26063 -30.67638 -63.41655
-29.45961 -50.66360 -57.71514
-21.60422 -21.46176 -20.41955
-21.88306 -29.07569 -41.72102
-21.80506 -40.17150 -24.18195
-21.77714 -21.46234 -21.06694
-21.72601 -19.96176 -26.50770
-20.57034 -21.53135 -45.17242
-24.54896 -28.64496 -21.81746
-23.61744 -26.66265 -44.35960
-18.29619 -18.56250 -21.56796
-19.43933 -19.49936 -82.27061
-18.69174 -18.54160 -19.69708
-18.02038 -18.08354 -17.64868
-19.37176 -19.91875 -59.18535
-17.74837 -24.15037 -34.40106
-17.46917 -17.01481 -16.91789
-16.92439 -18.05961 -16.63190
-14.83590 -14.67774 -14.44799
-14.95312 -15.36194 -16.78033
-15.23979 -14.96157 -15.81420
-14.76407 -14.65648 -13.75783
-13.42812 -28.85231 -79.35361
-13.43782 -15.12740 -42.80627
-13.53572 -13.68144 -16.49330
-13.34526 -13.25864 -17.77396
-11.19627 -10.98660 -10.02348
-11.20091 -11.43443 -12.13928
-11.16769 -11.48094 -14.93612
-12.20425 -10.67207 -10.86895
-8.68073 -12.25390 -96.01275
-6.65009 -7.41815 -40.42719
-5.79032 -6.13300 -25.89915
-5.96800 -6.89275 -6.79864
-3.89368 -3.72346 -16.56957
-3.41026 -3.77985 -4.03764
-1.80000 -1.83275 -2.98687
-1.88000 -2.70970 -3.70244
0.00000 -0.80000 -0.80000
0.00000 -0.80000 -1.66400
0.00000 0.00000 -21.71568
0.00000 -0.80000 -1.28000
0.00000 -0.60000 -0.60000
0.00000 -0.60000 -1.28000
-1.08000 0.00000 0.00000
-0.60000 -0.60000 0.00000
0.00000 0.00000 0.00000
0.00000 0.00000 0.00000
0.00000 0.00000 0.00000
0.00000 0.00000 0.00000
-0.20000 -0.20000 0.00000
-0.36000 0.00000 0.00000
0.00000 0.00000 -0.20000
0.00000 0.00000 58.17219
-16.62003 -16.66410 -17.18719
-18.70355 -23.25715 -19.64025
-21.23259 -36.29216 -50.66121
-16.88062 -17.07439 -60.81448
-13.47709 -12.77078 -12.66821
-13.55758 -13.47702 -13.98222
-13.62919 -14.35191 -65.31267
-13.59033 -21.27684 -55.15737
-7.40136 -6.33360 -16.47874
-4.75208 -5.76309 -7.40959
-8.05999 -8.43878 -40.13386
-28.96875 -17.02180 -26.84946
-25.69029 -27.37557 -69.35000
-20.88088 -38.99095 -35.64324
-23.53143 -25.49617 -32.71312
-19.89807 -21.94284 -16.20391
-14.44098 -34.12259 -77.07848
-12.34687 -12.47459 -20.91209
-32.59004 -33.35865 -59.66679
-11.56315 -11.76508 -11.45043
-8.41143 -37.64948 -96.98220
-8.37185 -8.39910 -9.38347
-8.36553 -25.51965 -43.96934
-8.02547 -8.30322 -28.28263
-6.76769 -29.28897 -65.95955
-10.72741 -7.02527 -21.34165
-8.71239 -7.23172 -32.79041
-6.78767 -9.51813 -15.49012
-4.85189 -4.61448 -4.89943
-4.50861 -26.44580 -5.57220
-4.85532 -5.66545 -56.73052
-15.56350 -4.89711 -73.28916
-1.90221 -13.64849 -31.40229
-12.72277 -2.03903 -37.94700
-2.17157 -0.83392 -2.58239
-1.60694 -1.81815 -1.61696
-0.50528 -0.36000 -0.36000
-17.69212 0.00000 0.00000
0.00000 -0.36000 0.00000
-0.50528 -0.38880 58.06295
